Item: 1042 -> [812, 1044, 1284, 366, 1053, 1471, 574, 555, 552, 1226]
Item: 1184 -> [612, 1451, 1462, 626, 1186, 808, 614, 617, 618, 638, 1172]
Item: 768 -> [524]
Item: 193 -> [581]
Item: 16 -> [1332, 1164]
Item: 979 -> [927, 1010, 1324, 991]
Item: 564 -> [1091, 142, 1081, 773, 1157, 364, 34, 1416, 104, 1131, 1135, 801, 1314, 1478, 563, 383, 719]
Item: 201 -> [441, 802]
Item: 1137 -> [934, 1152]
Item: 232 -> [1306, 1188]
Item: 1049 -> [540, 846, 947, 1212]
Item: 1444 -> [963, 575]
Item: 366 -> [542, 1042]
Item: 1153 -> [718, 1262, 1170, 697]
Item: 832 -> [1336, 1181, 1497, 586, 1428, 982, 725, 1162, 1048, 254, 1376, 491, 789, 1228, 1492, 1291, 562, 108, 363, 1413, 1484, 871, 1498, 1118, 415, 1209, 1500]
Item: 789 -> [832, 982, 561]
Item: 368 -> [902]
Item: 1211 -> [767, 853, 37, 991, 1424, 1187, 454]
Item: 1134 -> [256]
Item: 836 -> [360, 809, 858, 868, 807, 396, 766, 915, 548, 918, 913, 782]
Item: 787 -> [1206, 1436, 636, 395, 1242]
Item: 955 -> [1322]
Item: 794 -> [831]
Item: 1336 -> [832, 1181, 1497, 399, 586, 1428, 982, 725, 1162, 1048, 254, 1376, 1228, 1492, 1291, 562, 108, 363, 1413, 1484, 871, 1498, 1118, 415, 1209, 1500]
Item: 164 -> [649]
Item: 1217 -> [993]
Item: 719 -> [564, 1081, 773, 1416, 1131, 801, 1478, 563, 383]
Item: 1267 -> [779, 1037, 330, 867, 1508, 646, 373]
Item: 1079 -> [846, 775, 453, 947, 1000, 996, 1215, 1189, 1182, 1212, 1072]
Item: 452 -> [932]
Item: 360 -> [836, 901, 809, 858, 868, 807, 308, 396, 766, 848, 570, 844, 877, 915, 548, 918, 840, 913, 263, 782, 440]
Item: 280 -> [761, 932]
Item: 1091 -> [564, 1081, 773, 1416, 1066, 1131, 801, 1478, 563, 383]
Item: 1018 -> [577, 1322]
Item: 623 -> [43, 254, 543]
Item: 334 -> [547]
Item: 344 -> [355, 266]
Item: 141 -> [348, 1116]
Item: 813 -> [1069, 835, 929, 755, 320]
Item: 872 -> [1332, 1327, 1164, 1346]
Item: 695 -> [767, 853, 37, 547, 991, 1424, 1187, 454]
Item: 767 -> [695, 1229, 853, 943, 587, 37, 1211, 375, 844, 991, 1424, 1187, 454, 896]
Item: 1295 -> [938, 1060, 927, 619, 1332, 1334, 1327, 1010, 1164, 1001, 1324, 688, 1346, 1393, 1351, 1198, 1051, 1265]
Item: 343 -> [556]
Item: 903 -> [1127]
Item: 256 -> [1134]
Item: 1086 -> [900, 1194]
Item: 649 -> [853, 37, 164]
Item: 951 -> [702, 1117, 1109, 664, 972]
Item: 1393 -> [1295, 927, 1332, 1334, 1327, 1010, 1164, 1324, 1346, 1351]
Item: 577 -> [1018, 1322]
Item: 1224 -> [720, 860, 556, 738, 561, 783, 765, 1199]
Item: 522 -> [1020]
Item: 612 -> [1184, 1462, 626, 1186, 808, 1070, 491, 671, 1172]
Item: 1451 -> [1184, 1462, 626, 1186, 808, 1172]
Item: 731 -> [978]
Item: 1181 -> [832, 1336, 1497, 586, 1428, 982, 725, 1162, 1048, 254, 1376, 1228, 1492, 1291, 562, 108, 363, 1413, 1484, 871, 1498, 1118, 415, 1209, 1500]
Item: 78 -> [43]
Item: 60 -> [84]
Item: 325 -> [927, 1327]
Item: 587 -> [846, 767, 853, 947, 37, 991, 1424, 1187, 1212, 454, 896]
Item: 892 -> [807, 831]
Item: 938 -> [1295, 927, 1332, 1334, 1327, 1010, 1164, 1324, 688, 1346, 1351, 1051]
Item: 1060 -> [1295, 927, 1332, 1334, 1327, 1010, 1005, 1115, 1164, 1324, 1346, 1351, 694, 1372]
Item: 278 -> [1057]
Item: 350 -> [1216, 1082]
Item: 365 -> [464]
Item: 712 -> [464, 702]
Item: 869 -> [941, 450, 585, 63]
Item: 720 -> [1224, 860, 556, 1222, 348, 783]
Item: 611 -> [489]
Item: 142 -> [564, 1081, 773, 963, 1416, 1131, 1135, 801, 1478, 563, 383]
Item: 943 -> [767, 853, 37, 1407, 991, 1424, 1187, 454]
Item: 1061 -> [948]
Item: 900 -> [1086, 1198, 945, 499, 821, 553, 1194, 958, 618, 489, 311, 713]
Item: 941 -> [869, 1078, 1132]
Item: 1497 -> [832, 1336, 1181, 399, 586, 1428, 982, 725, 1162, 1048, 254, 1376, 1228, 1492, 1291, 562, 108, 363, 1413, 1484, 871, 1498, 1118, 415, 1209, 1500]
Item: 740 -> [415]
Item: 1099 -> [1070, 1005, 1115, 694, 1372]
Item: 812 -> [796, 1041, 1042, 1044, 1284, 1207, 1053, 1078, 1226]
Item: 717 -> [974]
Item: 399 -> [1336, 1497, 982, 254, 1228, 1291, 1413, 871]
Item: 561 -> [1224, 556, 789]
Item: 901 -> [360, 809, 858, 868, 807, 396, 105, 542, 766, 622, 915, 548, 918, 913, 876, 782, 1277]
Item: 809 -> [836, 360, 901, 858, 868, 807, 308, 396, 766, 848, 570, 844, 877, 915, 548, 918, 840, 913, 856, 263, 782, 440]
Item: 540 -> [1049]
Item: 497 -> [643, 650, 560, 420, 621, 633, 533, 962]
Item: 1462 -> [1184, 612, 1451, 626, 1186, 808, 614, 617, 618, 638, 1172]
Item: 1246 -> [105, 542, 1179, 622, 1248, 1250, 1277]
Item: 439 -> [363, 377, 394, 267, 445, 453]
Item: 1198 -> [900, 553, 1194, 489, 1295, 927, 1332, 1334, 1327, 1010, 1164, 1324, 1346, 1351]
Item: 609 -> [308, 579]
Item: 49 -> [1044, 1053]
Item: 626 -> [1184, 612, 1451, 1462, 1186, 808, 614, 617, 618, 638, 1172]
Item: 586 -> [832, 1336, 1181, 1497, 1428, 982, 1162, 1376, 1492, 1291, 562, 1413, 1484, 871, 1498, 1209, 1500]
Item: 492 -> [643, 650, 560, 420, 532, 621, 633, 19]
Item: 1070 -> [1099, 513, 605, 612]
Item: 948 -> [1061]
Item: 796 -> [812, 1044, 1284, 997, 1180, 1053, 434, 1074, 1226]
Item: 57 -> [1328]
Item: 688 -> [1295, 938, 927, 1332, 1334, 1327, 1010, 1164, 1324, 1346, 1351, 1419]
Item: 877 -> [360, 809, 858, 868, 807, 396, 766, 915, 548, 918, 913, 212, 782]
Item: 659 -> [524]
Item: 927 -> [1295, 325, 938, 1060, 619, 1332, 1334, 1327, 1010, 979, 1164, 1001, 1324, 688, 1346, 1393, 1351, 1198, 1051, 1265]
Item: 440 -> [103, 839, 590, 445, 360, 809, 858, 868, 807, 396, 766, 915, 548, 918, 913, 782]
Item: 572 -> [1471]
Item: 589 -> [653, 1050]
Item: 923 -> [529]
Item: 122 -> [1376]
Item: 944 -> [1179, 1250]
Item: 1428 -> [832, 1336, 1181, 1497, 586, 982, 725, 1162, 1048, 254, 1376, 491, 1228, 1492, 1291, 562, 108, 363, 1413, 1484, 871, 1498, 1118, 415, 1209, 1500]
Item: 1065 -> [389]
Item: 937 -> [902]
Item: 831 -> [794, 453, 1215, 892]
Item: 926 -> [825, 1093]
Item: 761 -> [939, 280, 932, 805, 771]
Item: 1286 -> [738, 1037, 330, 867, 579, 1508, 373]
Item: 644 -> [643, 650, 560, 420, 621, 633]
Item: 982 -> [832, 1336, 1181, 1497, 399, 586, 1428, 725, 1162, 1048, 254, 1376, 789, 1228, 1492, 1291, 562, 108, 363, 1413, 1484, 871, 1498, 1118, 415, 1209, 1500]
Item: 491 -> [832, 1428, 1492, 1413, 612]
Item: 513 -> [1070, 950, 954, 964]
Item: 375 -> [767, 853, 37, 991, 1424, 1187, 454, 896]
Item: 858 -> [836, 360, 901, 809, 868, 807, 308, 396, 766, 848, 570, 844, 877, 915, 548, 918, 840, 913, 263, 782, 440]
Item: 725 -> [832, 1336, 1181, 1497, 1428, 982, 1162, 1376, 1492, 1291, 562, 1413, 1484, 871, 1498, 1209, 1500]
Item: 1248 -> [622, 993, 1246]
Item: 105 -> [1246, 901, 542, 267, 622, 993, 772, 1277, 1215]
Item: 860 -> [1224, 720, 556, 738, 783, 765, 1199]
Item: 1046 -> [1208, 1436, 1242]
Item: 974 -> [1292, 717]
Item: 619 -> [1295, 927, 1332, 1334, 1327, 1010, 1164, 1324, 846, 453, 947, 1346, 1215, 1351, 1212]
Item: 963 -> [1444, 138, 142, 402]
Item: 59 -> [848]
Item: 1078 -> [941, 812, 1044, 1284, 1053, 1226]
Item: 737 -> [355, 1292]
Item: 524 -> [768, 659]
Item: 219 -> [928]
Item: 945 -> [900, 1194, 997, 1180, 434, 1074]
Item: 950 -> [113, 863, 965, 607, 954, 964, 513]
Item: 85 -> [34]
Item: 1150 -> [908, 1263, 1518, 833]
Item: 138 -> [963, 1112]
Item: 617 -> [553, 786, 1184, 1462, 626, 1186, 808, 1172]
Item: 1332 -> [872, 1295, 938, 1060, 927, 619, 1334, 1327, 1010, 16, 1164, 1001, 1324, 369, 688, 1346, 1393, 1351, 1198, 1051, 1265]
Item: 703 -> [835, 929, 1006, 755]
Item: 355 -> [737, 344, 266, 1292]
Item: 949 -> [993]
Item: 763 -> [908]
Item: 43 -> [623, 78, 254, 543]
Item: 402 -> [963, 902]
Item: 670 -> [115]
Item: 1334 -> [1295, 938, 1060, 927, 619, 1332, 1327, 1010, 1164, 1001, 1324, 688, 1346, 1393, 1351, 1198, 1051, 1265]
Item: 835 -> [703, 929, 1006, 490, 813, 755]
Item: 1327 -> [872, 1295, 325, 938, 1060, 927, 619, 1332, 1334, 1010, 1164, 1001, 1324, 688, 1346, 1393, 1351, 1198, 1051, 1265]
Item: 263 -> [983, 925, 977, 360, 809, 858, 868, 807, 396, 766, 915, 548, 918, 913, 782]
Item: 450 -> [869, 585, 63, 1090]
Item: 1081 -> [564, 1091, 142, 773, 1157, 34, 1416, 104, 1131, 1135, 801, 1314, 1478, 563, 383, 719]
Item: 1041 -> [812, 1044, 1284, 1053, 999, 1043, 1226]
Item: 868 -> [836, 360, 901, 809, 858, 807, 308, 396, 766, 848, 570, 844, 877, 915, 548, 918, 840, 913, 212, 856, 263, 782, 440]
Item: 1161 -> [779, 646]
Item: 166 -> [779, 36, 579, 646]
Item: 1162 -> [832, 1336, 1181, 1497, 586, 1428, 982, 725, 1048, 254, 1376, 1228, 1492, 1291, 562, 108, 363, 1413, 1484, 871, 1498, 1118, 415, 1209, 1500]
Item: 908 -> [1150, 763]
Item: 1160 -> [1037]
Item: 363 -> [439, 377, 394, 832, 1336, 1181, 1497, 1428, 982, 1162, 1376, 1492, 1291, 562, 1413, 1484, 871, 1498, 1209, 1500]
Item: 807 -> [836, 360, 892, 901, 809, 858, 868, 308, 396, 766, 848, 570, 844, 877, 915, 548, 918, 840, 913, 263, 782, 440]
Item: 113 -> [950, 74, 84, 954, 27, 964]
Item: 426 -> [1090]
Item: 1109 -> [951]
Item: 929 -> [703, 835, 1006, 490, 813, 755]
Item: 1010 -> [1295, 938, 1060, 927, 619, 1332, 1334, 1327, 979, 1164, 1001, 1324, 688, 1346, 1393, 1351, 1198, 1051, 1265]
Item: 308 -> [360, 809, 858, 868, 807, 396, 766, 915, 548, 918, 609, 913, 782]
Item: 1007 -> [841, 1037, 330, 867, 1508, 373]
Item: 641 -> [1299, 1203, 557]
Item: 396 -> [836, 360, 901, 809, 858, 868, 807, 308, 766, 848, 570, 844, 877, 915, 548, 918, 840, 913, 856, 263, 782, 440]
Item: 552 -> [1292, 1042]
Item: 1278 -> [786]
Item: 499 -> [900, 1194]
Item: 1186 -> [1184, 612, 1451, 1462, 626, 808, 614, 617, 618, 638, 966, 1172, 212]
Item: 1057 -> [278]
Item: 671 -> [612]
Item: 578 -> [816]
Item: 1021 -> [1115, 1372]
Item: 1048 -> [832, 1336, 1181, 1497, 1428, 982, 1162, 1376, 1492, 1291, 562, 1413, 1484, 871, 936, 1498, 1209, 1500]
Item: 855 -> [972]
Item: 942 -> [1216, 1082, 940]
Item: 826 -> [535]
Item: 1044 -> [812, 49, 796, 1041, 1042, 1284, 1207, 1053, 1078, 1226]
Item: 254 -> [832, 1336, 1181, 1497, 399, 1428, 982, 1162, 1376, 1492, 1291, 562, 623, 43, 543, 1413, 1484, 871, 1498, 1209, 1500]
Item: 848 -> [493, 360, 809, 858, 868, 807, 396, 59, 766, 915, 548, 918, 579, 913, 782]
Item: 542 -> [1246, 105, 901, 267, 366, 622, 993, 772, 1277, 1215]
Item: 1229 -> [767, 1206, 853, 636, 395, 37, 991, 1424, 1187, 454]
Item: 718 -> [1153, 1262, 1170, 697]
Item: 1107 -> [702, 1118]
Item: 821 -> [553, 900, 786, 1194]
Item: 364 -> [564, 773]
Item: 553 -> [617, 821, 900, 1198, 786, 1194]
Item: 1218 -> [1314]
Item: 115 -> [846, 670, 947, 1212]
Item: 493 -> [848]
Item: 36 -> [166, 779, 646]
Item: 102 -> [377]
Item: 773 -> [564, 1091, 142, 1081, 1157, 364, 34, 1416, 104, 1131, 1135, 801, 1314, 1478, 563, 383, 719]
Item: 772 -> [105, 542, 622, 1277]
Item: 921 -> [1299, 1203, 557]
Item: 1216 -> [350, 942, 1082, 880, 760]
Item: 1139 -> [1471, 1263, 1518, 833, 924, 574, 555]
Item: 547 -> [334, 695]
Item: 1208 -> [1046]
Item: 243 -> [825]
Item: 1157 -> [564, 1081, 773, 1416, 1131, 801, 1478, 1210, 563, 383]
Item: 808 -> [1184, 612, 1451, 1462, 626, 1186, 614, 617, 618, 638, 1172]
Item: 535 -> [1263, 1518, 833, 826]
Item: 939 -> [761, 1416, 413]
Item: 738 -> [1286, 1037, 330, 867, 1090, 1508, 1224, 860, 556, 700, 783, 373]
Item: 873 -> [1442]
Item: 1037 -> [1160, 1286, 738, 330, 867, 1007, 1090, 1508, 1267, 373]
Item: 1436 -> [1046, 787, 1242, 1102, 1283]
Item: 771 -> [761]
Item: 1316 -> [34, 158, 341, 1265]
Item: 846 -> [1049, 1079, 587, 115, 453, 947, 619, 1215, 1212]
Item: 605 -> [779, 1070, 646]
Item: 575 -> [1444, 1116]
Item: 1284 -> [812, 796, 1041, 1042, 1044, 1207, 1053, 1078, 1226]
Item: 529 -> [923]
Item: 840 -> [980, 360, 809, 858, 868, 807, 396, 766, 915, 548, 918, 913, 782]
Item: 760 -> [825, 1216, 1082, 1093]
Item: 1006 -> [703, 835, 929, 490, 755]
Item: 1228 -> [832, 1336, 1181, 1497, 399, 1428, 982, 1162, 1376, 1492, 1291, 562, 1112, 1413, 1484, 871, 1498, 1209, 1500]
Item: 34 -> [1316, 564, 1081, 773, 85, 1416, 341, 1131, 1135, 801, 1478, 563, 383]
Item: 103 -> [440, 839, 590, 445]
Item: 1005 -> [1060, 1115, 694, 1099, 1372]
Item: 863 -> [950, 965, 607, 579, 954, 964]
Item: 356 -> [795, 361]
Item: 766 -> [836, 360, 901, 809, 858, 868, 807, 308, 396, 848, 570, 844, 877, 915, 548, 918, 840, 913, 263, 782, 440]
Item: 1206 -> [787, 1229, 636, 395]
Item: 1115 -> [1060, 1005, 1021, 694, 1099, 1372]
Item: 779 -> [1267, 166, 605, 1161, 36, 1132, 646]
Item: 980 -> [840]
Item: 1263 -> [1150, 535, 1289, 1518, 791, 1139, 833, 924]
Item: 1376 -> [832, 1336, 1181, 1497, 586, 122, 1428, 982, 725, 1162, 1048, 254, 1228, 1492, 1291, 562, 108, 363, 1413, 1484, 871, 1498, 1118, 415, 1209, 1500]
Item: 101 -> [5]
Item: 697 -> [1153, 718, 1262, 1170]
Item: 1199 -> [1224, 860, 556, 783]
Item: 581 -> [643, 650, 560, 420, 621, 579, 467, 633, 193]
Item: 983 -> [263, 925, 977]
Item: 1116 -> [575, 1222, 348, 141]
Item: 267 -> [105, 542, 622, 439, 377, 394, 1277]
Item: 556 -> [343, 1224, 720, 860, 700, 738, 561, 783, 765, 1199]
Item: 853 -> [695, 767, 649, 1229, 943, 587, 37, 1211, 375, 844, 991, 1424, 1187, 454, 896]
Item: 311 -> [900, 1194]
Item: 361 -> [356]
Item: 643 -> [497, 492, 644, 581, 650, 560, 420, 614, 621, 633]
Item: 704 -> [624]
Item: 997 -> [1180, 796, 158, 434, 1074, 945]
Item: 990 -> [1105]
Item: 650 -> [497, 492, 644, 581, 643, 560, 420, 614, 621, 633]
Item: 965 -> [950, 863, 607, 954, 964, 579, 467]
Item: 1059 -> [1407, 825, 1093]
Item: 1164 -> [872, 1295, 938, 1060, 927, 619, 1332, 1334, 1327, 1010, 16, 1001, 1324, 369, 688, 1346, 1393, 1351, 1198, 1051, 1265]
Item: 1207 -> [812, 1044, 1284, 1053, 635, 1108, 1008, 1226]
Item: 786 -> [617, 821, 553, 1278]
Item: 614 -> [1184, 1462, 626, 1186, 808, 643, 650, 560, 420, 621, 633, 1172]
Item: 1222 -> [348, 1116, 720]
Item: 139 -> [543]
Item: 765 -> [932, 1224, 860, 556, 783]
Item: 1001 -> [1295, 927, 1332, 1334, 1327, 1010, 1164, 1324, 1346, 1351, 1292]
Item: 377 -> [439, 363, 102, 394, 267, 445, 453]
Item: 560 -> [497, 492, 644, 581, 643, 650, 420, 614, 621, 633]
Item: 1194 -> [1086, 900, 1198, 945, 499, 821, 553, 958, 618, 489, 311, 713]
Item: 464 -> [712, 365, 1118, 702]
Item: 1179 -> [944, 1246, 1250]
Item: 775 -> [1079, 1000, 996, 1183, 1189, 1182, 1072]
Item: 1289 -> [1263, 1518, 833, 932]
Item: 1518 -> [1150, 535, 1263, 1289, 791, 1139, 833, 924]
Item: 413 -> [622, 939]
Item: 618 -> [1184, 1462, 626, 1186, 808, 900, 1194, 1172, 966]
Item: 628 -> [341]
Item: 1180 -> [997, 796, 158, 434, 1074, 945]
Item: 490 -> [835, 929, 1006, 755]
Item: 839 -> [440, 103, 590, 445]
Item: 453 -> [1079, 831, 846, 947, 619, 1215, 439, 377, 394, 1212]
Item: 570 -> [360, 809, 858, 868, 807, 396, 766, 844, 915, 548, 918, 1419, 913, 782]
Item: 843 -> [801]
Item: 844 -> [360, 809, 858, 868, 807, 396, 766, 570, 915, 548, 918, 767, 853, 37, 991, 1424, 913, 1187, 782, 454]
Item: 420 -> [497, 492, 644, 581, 643, 650, 560, 614, 621, 633]
Item: 590 -> [440, 103, 839, 445]
Item: 1324 -> [1295, 938, 1060, 927, 619, 1332, 1334, 1327, 1010, 979, 1164, 1001, 688, 1346, 1393, 1351, 1198, 1051, 1265]
Item: 816 -> [1471, 578, 574, 802, 555]
Item: 791 -> [1263, 1518, 833]
Item: 489 -> [611, 900, 1198, 1194]
Item: 1416 -> [564, 1091, 142, 1081, 773, 1157, 939, 34, 104, 1131, 1135, 801, 1314, 1478, 563, 383, 719]
Item: 636 -> [787, 1229, 1206, 395]
Item: 533 -> [497, 962]
Item: 1492 -> [832, 1336, 1181, 1497, 586, 1428, 982, 725, 1162, 1048, 254, 1376, 491, 1228, 1291, 562, 108, 363, 1413, 1484, 871, 1498, 1118, 415, 1209, 1500]
Item: 958 -> [900, 1194]
Item: 841 -> [1007, 6]
Item: 702 -> [951, 1107, 712, 464]
Item: 1020 -> [522]
Item: 947 -> [1049, 1079, 587, 115, 846, 453, 619, 1215, 1212]
Item: 1000 -> [1079, 775, 996, 1183, 1189, 1182, 1072]
Item: 104 -> [564, 1081, 773, 1416, 1131, 801, 1478, 563, 74, 84, 27, 383, 76]
Item: 1322 -> [955, 1018, 577]
Item: 622 -> [1246, 1248, 105, 901, 542, 267, 993, 772, 413, 1277, 1215]
Item: 585 -> [869, 450, 63, 1090]
Item: 532 -> [492, 19]
Item: 915 -> [836, 360, 901, 809, 858, 868, 807, 308, 396, 766, 848, 570, 844, 877, 548, 918, 840, 913, 856, 263, 782, 440]
Item: 502 -> [579]
Item: 1291 -> [832, 1336, 1181, 1497, 399, 586, 1428, 982, 725, 1162, 1048, 254, 1376, 1228, 1492, 562, 108, 363, 1413, 1484, 871, 1498, 1118, 415, 1209, 1500]
Item: 395 -> [787, 1229, 1206, 636]
Item: 330 -> [1286, 738, 1037, 867, 700, 1007, 1090, 1508, 1267, 373]
Item: 37 -> [695, 767, 649, 1229, 853, 943, 587, 1211, 375, 844, 991, 1424, 1187, 454, 896]
Item: 548 -> [836, 360, 901, 809, 858, 868, 807, 308, 396, 766, 848, 570, 844, 877, 915, 918, 840, 913, 263, 782, 440]
Item: 993 -> [1248, 105, 542, 622, 1217, 1292, 949, 1277]
Item: 136 -> [608]
Item: 996 -> [1079, 775, 1000, 1183, 1189, 1182, 1072]
Item: 562 -> [832, 1336, 1181, 1497, 586, 1428, 982, 725, 1162, 1048, 254, 1376, 1228, 1492, 1291, 108, 363, 1413, 1484, 871, 1498, 1118, 415, 1209, 1500]
Item: 653 -> [589, 1050]
Item: 74 -> [113, 84, 27, 6, 104]
Item: 867 -> [1286, 738, 1037, 330, 1007, 1090, 1508, 1267, 373]
Item: 876 -> [901]
Item: 158 -> [1316, 341, 997, 1180, 434, 1074]
Item: 1183 -> [775, 1000, 996, 1189, 1182, 1072]
Item: 1118 -> [464, 1107, 832, 1336, 1181, 1497, 1428, 982, 1162, 1376, 1492, 1291, 562, 1413, 1484, 871, 1498, 1209, 1500]
Item: 5 -> [101]
Item: 1299 -> [921, 641, 1203, 557, 639]
Item: 918 -> [836, 360, 901, 809, 858, 868, 807, 308, 396, 766, 848, 570, 844, 877, 915, 548, 840, 913, 856, 263, 782, 440]
Item: 1066 -> [1091]
Item: 1100 -> [1097, 850]
Item: 1117 -> [951]
Item: 1262 -> [1153, 718, 1170, 697]
Item: 348 -> [1222, 141, 1116, 720]
Item: 1053 -> [812, 49, 796, 1041, 1042, 1044, 1284, 1207, 1078, 1226]
Item: 621 -> [497, 492, 644, 581, 643, 650, 560, 420, 614, 633]
Item: 607 -> [950, 863, 965, 954, 579, 964]
Item: 700 -> [330, 556, 738]
Item: 925 -> [263, 983, 977]
Item: 928 -> [219]
Item: 394 -> [439, 363, 377, 267, 445, 453]
Item: 999 -> [1041, 1043]
Item: 1471 -> [1042, 1139, 572, 816, 574, 555]
Item: 341 -> [1316, 34, 628, 158, 1265]
Item: 811 -> [962]
Item: 84 -> [113, 74, 60, 27, 6, 104]
Item: 543 -> [623, 43, 139, 254]
Item: 369 -> [1332, 1164, 1051]
Item: 1306 -> [232]
Item: 638 -> [1184, 1462, 626, 1186, 808, 1172]
Item: 1314 -> [1407, 564, 1081, 773, 1416, 1218, 1131, 801, 1478, 563, 383]
Item: 1131 -> [564, 1091, 142, 1081, 773, 1157, 34, 1416, 104, 1135, 801, 1314, 1478, 563, 383, 719]
Item: 1069 -> [813, 320]
Item: 63 -> [869, 450, 585, 1090]
Item: 1407 -> [943, 1059, 1314, 467]
Item: 878 -> [884]
Item: 1242 -> [1046, 1436, 787, 1102, 1283]
Item: 579 -> [1286, 848, 863, 581, 166, 467, 609, 607, 502, 965]
Item: 884 -> [878]
Item: 954 -> [950, 113, 863, 965, 607, 964, 513]
Item: 1112 -> [138, 1228]
Item: 1090 -> [450, 585, 63, 738, 1037, 330, 867, 1508, 426, 373]
Item: 1132 -> [779, 646, 941]
Item: 27 -> [113, 74, 84, 6, 104]
Item: 445 -> [439, 377, 394, 440, 103, 839, 590]
Item: 1346 -> [872, 1295, 938, 1060, 927, 619, 1332, 1334, 1327, 1010, 1164, 1001, 1324, 688, 1393, 1351, 1198, 1051, 1265]
Item: 108 -> [832, 1336, 1181, 1497, 1428, 982, 1162, 1376, 1492, 1291, 562, 1413, 1484, 871, 1498, 1209, 1500]
Item: 635 -> [1108, 1207, 1008]
Item: 1135 -> [564, 142, 1081, 773, 34, 1416, 1131, 801, 1478, 563, 383, 1126, 1106]
Item: 76 -> [104]
Item: 1082 -> [350, 942, 1216, 880, 760]
Item: 1215 -> [1079, 831, 846, 453, 947, 619, 1212, 105, 542, 622, 1277]
Item: 977 -> [263, 983, 925]
Item: 1328 -> [57, 696]
Item: 1013 -> [818]
Item: 1170 -> [1153, 718, 1262, 697]
Item: 1265 -> [1316, 341, 1295, 927, 1332, 1334, 1327, 1010, 1164, 1324, 1346, 1351]
Item: 833 -> [1150, 535, 1263, 1289, 1518, 791, 1139, 924]
Item: 434 -> [997, 1180, 796, 158, 1074, 945]
Item: 801 -> [564, 1091, 142, 1081, 773, 1157, 34, 843, 1416, 104, 1131, 1135, 1314, 1478, 563, 383, 719]
Item: 696 -> [1328]
Item: 358 -> [978, 1004]
Item: 467 -> [581, 579, 965, 1407]
Item: 266 -> [344, 355]
Item: 966 -> [1186, 618]
Item: 1351 -> [1295, 938, 1060, 927, 619, 1332, 1334, 1327, 1010, 1164, 1001, 1324, 688, 1346, 1393, 1198, 1051, 1265]
Item: 991 -> [979, 695, 767, 1229, 853, 943, 587, 37, 1211, 375, 844, 1424, 1187, 454, 896]
Item: 633 -> [497, 492, 644, 581, 643, 650, 560, 420, 614, 621]
Item: 1102 -> [1436, 1242, 1292]
Item: 1424 -> [695, 767, 1229, 853, 943, 587, 37, 1211, 375, 844, 991, 1187, 454, 896]
Item: 1413 -> [832, 1336, 1181, 1497, 399, 586, 1428, 982, 725, 1162, 1048, 254, 1376, 491, 1228, 1492, 1291, 562, 108, 363, 1484, 871, 1498, 1118, 415, 1209, 1500]
Item: 924 -> [1263, 1518, 1139, 833]
Item: 880 -> [1216, 1082]
Item: 825 -> [243, 760, 926, 1059, 1093]
Item: 389 -> [1065, 639]
Item: 1189 -> [1079, 775, 1000, 996, 1183, 1182, 1072]
Item: 978 -> [731, 358, 1004]
Item: 1484 -> [832, 1336, 1181, 1497, 586, 1428, 982, 725, 1162, 1048, 254, 1376, 1228, 1492, 1291, 562, 108, 363, 1413, 871, 1498, 1118, 415, 1209, 1500]
Item: 1182 -> [1079, 775, 1000, 996, 1183, 1189, 1072]
Item: 1442 -> [873]
Item: 1419 -> [688, 570]
Item: 913 -> [836, 360, 901, 809, 858, 868, 807, 308, 396, 766, 848, 570, 844, 877, 915, 548, 918, 840, 212, 263, 782, 440]
Item: 212 -> [868, 877, 913, 1186]
Item: 1172 -> [1184, 612, 1451, 1462, 626, 1186, 808, 614, 617, 618, 638]
Item: 1108 -> [635, 1207, 1008]
Item: 1074 -> [997, 1180, 796, 158, 434, 945]
Item: 1187 -> [695, 767, 1229, 853, 943, 587, 37, 1211, 375, 844, 991, 1424, 454, 896]
Item: 574 -> [1042, 1139, 1471, 816, 555]
Item: 755 -> [703, 835, 929, 1006, 490, 813]
Item: 856 -> [809, 868, 396, 915, 918, 782]
Item: 1212 -> [1049, 1079, 587, 115, 846, 453, 947, 619, 1215]
Item: 1250 -> [944, 1246, 1179]
Item: 1105 -> [990]
Item: 6 -> [841, 74, 84, 27]
Item: 805 -> [608, 761, 664]
Item: 441 -> [201]
Item: 964 -> [950, 113, 863, 965, 607, 954, 513]
Item: 1043 -> [1041, 999]
Item: 694 -> [1060, 1005, 1115, 1099, 1372]
Item: 1072 -> [1079, 775, 1000, 996, 1183, 1189, 1182]
Item: 1141 -> [422]
Item: 932 -> [452, 761, 765, 280, 1289]
Item: 1051 -> [1295, 938, 927, 1332, 1334, 1327, 1010, 1164, 1324, 369, 1346, 1351]
Item: 1478 -> [564, 1091, 142, 1081, 773, 1157, 34, 1416, 104, 1131, 1135, 801, 1314, 563, 383, 719]
Item: 19 -> [492, 532]
Item: 1210 -> [1157]
Item: 962 -> [533, 497, 811]
Item: 1203 -> [921, 641, 1299, 557, 639]
Item: 563 -> [564, 1091, 142, 1081, 773, 1157, 34, 1416, 104, 1131, 1135, 801, 1314, 1478, 383, 719]
Item: 1097 -> [1100, 850]
Item: 1292 -> [974, 737, 355, 1001, 993, 552, 1102]
Item: 458 -> [902]
Item: 871 -> [832, 1336, 1181, 1497, 399, 586, 1428, 982, 725, 1162, 1048, 254, 1376, 1228, 1492, 1291, 562, 108, 363, 1413, 1484, 1498, 1118, 415, 1209, 1500]
Item: 608 -> [805, 136]
Item: 802 -> [201, 816]
Item: 1508 -> [1286, 738, 1037, 330, 867, 1007, 1090, 1267, 373]
Item: 1283 -> [1436, 1242]
Item: 557 -> [921, 641, 1299, 1203, 639]
Item: 936 -> [1048]
Item: 1498 -> [832, 1336, 1181, 1497, 586, 1428, 982, 725, 1162, 1048, 254, 1376, 1228, 1492, 1291, 562, 108, 363, 1413, 1484, 871, 1118, 415, 1209, 1500]
Item: 782 -> [836, 360, 901, 809, 858, 868, 807, 308, 396, 766, 848, 570, 844, 877, 915, 548, 918, 840, 913, 856, 263, 440]
Item: 1050 -> [589, 653]
Item: 1188 -> [232]
Item: 624 -> [704, 1503]
Item: 1093 -> [760, 926, 1059, 825]
Item: 415 -> [832, 1336, 1181, 1497, 1428, 982, 1162, 1376, 1492, 1291, 562, 1413, 1484, 871, 1498, 740, 1209, 1500]
Item: 1372 -> [1060, 1005, 1115, 1021, 694, 1099]
Item: 320 -> [813, 1069]
Item: 646 -> [1267, 166, 605, 779, 1161, 36, 1132]
Item: 902 -> [368, 937, 402, 458]
Item: 555 -> [1042, 1139, 1471, 816, 574]
Item: 383 -> [564, 1091, 142, 1081, 773, 1157, 34, 1416, 104, 1131, 1135, 801, 1314, 1478, 563, 719]
Item: 454 -> [695, 767, 1229, 853, 943, 587, 37, 1211, 375, 844, 991, 1424, 1187, 896]
Item: 1277 -> [1246, 105, 901, 542, 267, 622, 993, 772, 1215]
Item: 934 -> [1137, 1152]
Item: 1152 -> [1137, 934]
Item: 664 -> [805, 951]
Item: 795 -> [356]
Item: 940 -> [942]
Item: 783 -> [1224, 720, 860, 556, 738, 765, 1199]
Item: 373 -> [1286, 738, 1037, 330, 867, 1007, 1090, 1508, 1267]
Item: 713 -> [900, 1194]
Item: 1126 -> [1135, 1106]
Item: 1127 -> [903, 896]
Item: 1503 -> [624]
Item: 818 -> [1013]
Item: 1004 -> [358, 978]
Item: 1008 -> [635, 1108, 1207]
Item: 896 -> [767, 853, 587, 37, 375, 991, 1424, 1187, 454, 1127]
Item: 1106 -> [1126, 1135]
Item: 850 -> [1100, 1097]
Item: 1226 -> [812, 796, 1041, 1042, 1044, 1284, 1207, 1053, 1078]
Item: 639 -> [1299, 1203, 557, 389]
Item: 972 -> [951, 855]
Item: 422 -> [1141]
Item: 1209 -> [832, 1336, 1181, 1497, 586, 1428, 982, 725, 1162, 1048, 254, 1376, 1228, 1492, 1291, 562, 108, 363, 1413, 1484, 871, 1498, 1118, 415, 1500]
Item: 1500 -> [832, 1336, 1181, 1497, 586, 1428, 982, 725, 1162, 1048, 254, 1376, 1228, 1492, 1291, 562, 108, 363, 1413, 1484, 871, 1498, 1118, 415, 1209]
